0 2 1 10903 0.294
0 2 2 3872 0.729
1 2 1 10646 0.706
2 2 1 37266 0.325
2 2 2 13666 0.7
1 2 2 1745 0.254
3 2 1 116 0.794
4 2 1 774 0.761
4 0 1 87 0.799
4 0 2 250 0.218
5 2 1 507 0.23
6 2 1 378 0.774
4 4 1 23 0.179
4 2 2 141 0.208
1 1 1 335 0.223
0 1 1 302 0.778
0 1 2 254 0.218
1 2 3 64 0.804
1 1 2 44 0.81
4 1 1 49 0.191
12 0 1 111 0.204
12 2 1 74 0.197
14 0 2 1 0.134
14 1 1 1 0.134
14 2 1 24 0.18
15 2 1 36 0.813
12 0 2 44 0.189
17 2 1 6 0.84
2 2 3 26 0.818
13 2 1 14 0.171
1 1 3 2 0.856
18 2 1 23 0.179
15 5 1 2 0.856
8 5 1 18 0.175
20 2 1 2 0.856
21 4 1 5 0.843
21 2 1 12 0.83
12 1 1 24 0.819
18 0 1 1 0.134
0 0 1 4 0.846
0 22 1 20 0.177
2 22 1 10 0.833
5 0 1 2 0.143
5 0 2 6 0.159
4 12 2 1 0.865
14 12 2 1 0.865
12 2 2 4 0.153
23 5 1 1 0.134
23 2 1 2 0.856
4 1 2 1 0.134
4 6 1 1 0.134
21 0 1 4 0.153
21 0 2 2 0.856
17 5 1 1 0.865