0 4 1 1018 9.01
1 2 2 627 12.83
1 3 1 73 11.38
1 4 1 808 9.73
2 4 1 8799 5.28
2 4 2 3416 2.32
3 4 1 10851 2.62
3 3 2 69 12.8
3 4 2 1390 9.01
4 4 1 29292 4.65
4 4 2 9833 1.55
2 3 1 175 15.81
2 3 2 228 12
1 2 1 237 12.78
7 2 2 5 12.95
7 4 1 143 12.81
3 3 1 397 11.3
1 4 2 63 13.6
9 4 1 161 12
3 4 3 46 13.9
11 4 1 43 14.11
12 4 1 20 11.7
11 2 1 87 13.97
11 2 2 89 11.73
7 0 1 36 13.01
14 0 1 2 15.45
15 4 1 117 10.98
16 4 1 57 11.86
18 4 1 7 12.04
19 4 1 5 11.67
20 4 1 12 16.41
0 2 1 12 14.56
0 2 2 4 16.84
1 1 1 10 16.55
4 4 3 10 13.49
6 0 1 97 13.14
7 15 1 6 12.69
24 1 1 3 13.34
24 4 1 9 13.05
6 12 1 8 16.75
6 15 1 8 11.53
12 7 1 3 13.28
24 4 2 2 12.26
25 0 1 7 16.7
11 3 1 279 11.28
26 0 1 7 12.68
16 3 1 3 11.56
16 2 1 12 11.69
1 11 2 14 14.8
11 3 2 23 13.98
0 3 1 3 12.32
1 9 1 21 14.31
1 3 2 7 14.27
20 11 2 1 14.06
7 9 1 3 13.02
2 2 1 2 11.75
24 2 1 6 16.38
1 27 1 2 15.2
3 27 1 1 11.95
15 3 1 2 15.07
28 28 1 1 16.86
28 4 1 2 16.79
0 11 1 2 13.35
24 2 2 1 15.97