1 3 1 18533 0.68
1 3 2 9130 0.78
2 3 1 26305 0.53
2 3 2 4665 0.3
3 3 1 114107 0.41
3 3 2 51674 0.23
7 3 1 752 1.92
8 3 1 798 2.03
10 1 2 1409 1.35
10 2 1 315 2.49
10 3 1 4298 0.66
2 2 2 325 3
11 3 1 3947 0.89
1 2 1 1842 1.54
2 2 1 1409 1.77
13 3 1 1632 1.55
3 17 1 937 2.19
1 1 1 17 2.92
19 3 1 140 2.7
1 2 2 1474 1.58
9 11 1 15 3.53
10 10 1 135 3.25
10 3 2 767 1.88
10 2 2 8 3.42
10 1 1 292 2.93
17 22 1 2 3.43
6 11 1 57 3.28
7 1 1 270 2.65
7 1 2 149 3.08
26 3 1 184 2.86
2 3 3 497 2.33
8 11 1 129 3.2
10 7 1 20 3.5
10 7 2 24 3.36
10 10 2 1 3.05
26 26 1 2 3.2
7 3 2 13 3.51
28 3 1 65 3.2
29 11 1 14 3.21
32 3 1 4 3.46
19 11 1 53 3.5
33 3 1 151 2.65
7 2 1 119 3.16
27 11 1 4 2.92
10 13 1 58 3.44
3 3 3 97 3.19
35 17 1 2 3.24
36 3 1 3 3.43
6 26 1 4 3.11
25 11 1 4 3.06
30 3 1 60 3.07
37 3 1 59 2.8
30 11 1 6 2.91
38 3 1 9 3.53
39 3 1 16 3.08
8 13 1 16 3.53
11 1 1 69 2.78
11 1 2 31 2.85
26 1 1 8 3.4
26 2 1 1 3.26
2 2 3 2 3.35
40 3 1 153 3.1
13 41 1 2 3.52
1 41 1 31 3.15
33 1 2 22 2.97
42 11 1 4 3.02
17 17 1 4 3.42
14 11 1 2 3.29
43 11 1 2 3.5
44 11 1 4 3.5
19 26 1 19 2.9
39 1 1 4 3.11
39 1 2 3 3.38
33 33 2 5 3.41
8 17 1 41 3.17
26 1 2 1 3.01
26 8 1 12 2.94
6 17 1 1 3.32
33 10 1 11 3.08
46 1 1 4 3.27
46 1 2 4 2.96
33 3 2 2 3.23
19 17 1 6 3.31
17 25 1 2 2.99
17 0 1 2 3.01
17 9 1 1 3.03
3 41 1 34 2.87
40 2 1 7 2.92
40 1 1 46 3.47
7 2 2 14 2.94
2 41 1 7 3
52 1 1 4 3.18
52 1 2 2 3.42
13 2 1 1 3.01
36 11 1 1 2.91
39 17 1 1 2.97
51 10 2 2 3.32
37 1 2 1 2.9
37 2 1 13 3.28
14 13 1 2 3.25
43 1 2 1 3.16
37 37 1 4 3.34
22 11 1 2 3.06
17 37 1 1 3.08
26 33 1 1 3.44
33 10 2 1 3.3
17 33 1 4 3.02
37 3 2 2 3.46
55 1 1 4 3.42
11 10 1 4 3.23
11 7 1 10 3.06
8 1 2 2 3.29
37 2 2 1 3.19
0 11 1 2 3.19
37 10 1 1 3.01
33 11 1 3 3.17
17 2 1 1 2.97
33 1 1 21 2.92
17 7 1 2 3.35
40 13 1 2 3.14
33 33 1 4 2.96
26 7 1 1 3.25
37 11 1 2 3.24
28 11 1 1 3.39
11 2 1 1 3.5