0 2 1 10903 0.07
0 2 2 3872 0.21
1 2 1 10646 0.2
2 2 1 37266 0.27
2 2 2 13666 0.39
1 2 2 1745 0.8
3 2 1 116 0.81
4 2 1 774 0.86
4 0 1 87 0.87
4 0 2 250 0.86
5 2 1 507 0.9
6 2 1 378 0.83
4 4 1 23 0.94
4 2 2 141 0.91
1 1 1 335 0.73
0 1 1 302 0.85
0 1 2 254 0.73
1 2 3 64 0.84
1 1 2 44 0.97
4 1 1 49 0.91
12 0 1 111 0.83
12 2 1 74 0.93
14 0 2 1 0.97
14 1 1 1 0.96
14 2 1 24 0.98
15 2 1 36 0.9
12 0 2 44 0.79
17 2 1 6 0.84
2 2 3 26 0.8
13 2 1 14 0.93
1 1 3 2 0.98
18 2 1 23 0.83
15 5 1 2 0.87
8 5 1 18 0.86
20 2 1 2 0.95
21 4 1 5 0.86
21 2 1 12 0.91
12 1 1 24 0.95
18 0 1 1 0.98
0 0 1 4 0.95
0 22 1 20 0.94
2 22 1 10 0.92
5 0 1 2 0.97
5 0 2 6 0.87
4 12 2 1 0.89
14 12 2 1 0.91
12 2 2 4 0.95
23 5 1 1 0.94
23 2 1 2 0.82
4 1 2 1 0.81
4 6 1 1 0.86
21 0 1 4 0.94
21 0 2 2 0.92
17 5 1 1 0.86