1 3 1 18533 1.34
1 3 2 9130 1.7
2 3 1 26305 1.35
2 3 2 4665 1.21
3 3 1 114107 1.46
3 3 2 51674 1.6
7 3 1 752 2.3
8 3 1 798 2.65
10 1 2 1409 1.2
10 2 1 315 0.84
10 3 1 4298 1.06
2 2 2 325 2.15
11 3 1 3947 1.26
1 2 1 1842 1.25
2 2 1 1409 1.20
13 3 1 1632 1.22
3 17 1 937 1.08
1 1 1 17 0.63
19 3 1 140 2.1
1 2 2 1474 1.84
9 11 1 15 2.38
10 10 1 135 1.93
10 3 2 767 1.79
10 2 2 8 0.58
10 1 1 292 1.95
17 22 1 2 2.07
6 11 1 57 0.71
7 1 1 270 2.83
7 1 2 149 0.78
26 3 1 184 2.7
2 3 3 497 0.87
8 11 1 129 0.77
10 7 1 20 0.64
10 7 2 24 2.35
10 10 2 1 2.55
26 26 1 2 2.54
7 3 2 13 2.39
28 3 1 65 0.72
29 11 1 14 2.38
32 3 1 4 0.536
19 11 1 53 0.71
33 3 1 151 2.0
7 2 1 119 0.76
27 11 1 4 2.463
10 13 1 58 0.71
3 3 3 97 0.748
35 17 1 2 2.50
36 3 1 3 0.52
6 26 1 4 2.46
25 11 1 4 2.46
30 3 1 60 0.71
37 3 1 59 0.71
30 11 1 6 2.44
38 3 1 9 2.41
39 3 1 16 2.37
8 13 1 16 0.62
11 1 1 69 2.27
11 1 2 31 2.33
26 1 1 8 0.58
26 2 1 1 2.54
2 2 3 2 0.49
40 3 1 153 2.22
13 41 1 2 0.49
1 41 1 31 2.33
33 1 2 22 0.64
42 11 1 4 0.54
17 17 1 4 2.46
14 11 1 2 2.5
43 11 1 2 2.5
44 11 1 4 0.54
19 26 1 19 0.64
39 1 1 4 2.46
39 1 2 3 2.48
33 33 2 5 2.45
8 17 1 41 0.69
26 1 2 1 2.54
26 8 1 12 0.61
6 17 1 1 2.54
33 10 1 11 0.6
46 1 1 4 2.43
46 1 2 4 0.54
33 3 2 2 2.51
19 17 1 6 2.44
17 25 1 2 0.49
17 0 1 2 2.50
17 9 1 1 2.54
3 41 1 34 0.68
40 2 1 7 0.57
40 1 1 46 2.30
7 2 2 14 2.38
2 41 1 7 0.57
52 1 1 4 0.53
52 1 2 2 0.49
13 2 1 1 2.54
36 11 1 1 0.45
39 17 1 1 0.45
51 10 2 2 0.49
37 1 2 1 2.54
37 2 1 13 2.38
14 13 1 2 2.50
43 1 2 1 2.54
37 37 1 4 0.54
22 11 1 2 0.49
17 37 1 1 0.45
26 33 1 1 0.45
33 10 2 1 0.45
17 33 1 4 0.54
37 3 2 2 2.51
55 1 1 4 0.57
11 10 1 4 0.54
11 7 1 10 2.41
8 1 2 2 2.51
37 2 2 1 0.45
0 11 1 2 0.49
37 10 1 1 0.45
33 11 1 3 0.52
17 2 1 1 2.54
33 1 1 21 2.36
17 7 1 2 0.49
40 13 1 2 0.5
33 33 1 4 2.46
26 7 1 1 2.55
37 11 1 2 2.51
28 11 1 1 0.45
11 2 1 1 0.45