1 3 1 18533 1.24
1 3 2 9130 2.87
2 3 1 26305 1.25
2 3 2 4665 1.07
3 3 1 114107 1.46
3 3 2 51674 2.67
7 3 1 752 3.2
8 3 1 798 3.1
10 1 2 1409 0.96
10 2 1 315 0.84
10 3 1 4298 1.06
2 2 2 325 3.16
11 3 1 3947 1.06
1 2 1 1842 0.98
2 2 1 1409 0.96
13 3 1 1632 0.97
3 17 1 937 0.93
1 1 1 17 0.63
19 3 1 140 3.23
1 2 2 1474 3.04
9 11 1 15 3.38
10 10 1 135 3.23
10 3 2 767 3.09
10 2 2 8 0.58
10 1 1 292 3.16
17 22 1 2 3.50
6 11 1 57 0.71
7 1 1 270 3.18
7 1 2 149 0.78
26 3 1 184 3.2
2 3 3 497 0.87
8 11 1 129 0.77
10 7 1 20 0.64
10 7 2 24 3.35
10 10 2 1 3.55
26 26 1 2 3.54
7 3 2 13 3.39
28 3 1 65 0.72
29 11 1 14 3.38
32 3 1 4 0.536
19 11 1 53 0.71
33 3 1 151 3.219
7 2 1 119 0.76
27 11 1 4 3.463
10 13 1 58 0.71
3 3 3 97 0.748
35 17 1 2 3.50
36 3 1 3 0.52
6 26 1 4 3.46
25 11 1 4 3.46
30 3 1 60 0.71
37 3 1 59 0.71
30 11 1 6 3.44
38 3 1 9 3.41
39 3 1 16 3.37
8 13 1 16 0.62
11 1 1 69 3.27
11 1 2 31 3.33
26 1 1 8 0.58
26 2 1 1 3.54
2 2 3 2 0.49
40 3 1 153 3.22
13 41 1 2 0.49
1 41 1 31 3.33
33 1 2 22 0.64
42 11 1 4 0.54
17 17 1 4 3.46
14 11 1 2 3.5
43 11 1 2 3.5
44 11 1 4 0.54
19 26 1 19 0.64
39 1 1 4 3.46
39 1 2 3 3.48
33 33 2 5 3.45
8 17 1 41 0.69
26 1 2 1 3.54
26 8 1 12 0.61
6 17 1 1 3.54
33 10 1 11 0.6
46 1 1 4 3.43
46 1 2 4 0.54
33 3 2 2 3.51
19 17 1 6 3.44
17 25 1 2 0.49
17 0 1 2 3.50
17 9 1 1 3.54
3 41 1 34 0.68
40 2 1 7 0.57
40 1 1 46 3.30
7 2 2 14 3.38
2 41 1 7 0.57
52 1 1 4 0.53
52 1 2 2 0.49
13 2 1 1 3.54
36 11 1 1 0.45
39 17 1 1 0.45
51 10 2 2 0.49
37 1 2 1 3.54
37 2 1 13 3.38
14 13 1 2 3.50
43 1 2 1 3.54
37 37 1 4 0.54
22 11 1 2 0.49
17 37 1 1 0.45
26 33 1 1 0.45
33 10 2 1 0.45
17 33 1 4 0.54
37 3 2 2 3.51
55 1 1 4 0.57
11 10 1 4 0.54
11 7 1 10 3.41
8 1 2 2 3.51
37 2 2 1 0.45
0 11 1 2 0.49
37 10 1 1 0.45
33 11 1 3 0.52
17 2 1 1 3.54
33 1 1 21 3.36
17 7 1 2 0.49
40 13 1 2 0.5
33 33 1 4 3.46
26 7 1 1 3.55
37 11 1 2 3.51
28 11 1 1 0.45
11 2 1 1 0.45